101010110000010100
101011001101100100
110001010000000000
000010011101100100
010110001100000011
001110110000001001
101011001001100100
101010110000010100
101011000101100100
000001010101100100
110010010000000001
010110000100000011
001110110000011110
101010110000010100
010111001100000011
110001010000000000
000010010001111000
000001011101100100
000010011001011110
000101010001111000
000010011001100001
000111110000000001
010111001100000011
000001011101100100
000101010001111000
000101011001100001
001010010001011010
001110110001000101
001011000001101001
000001011101100100
000010011001011110
000101010001111000
000010011001100001
001011000001010100
000001001001011110
110010000000000001
000001000001111000
110010000000000001