000001  000000001000
000110  000001111111
000110  000001111111
000010  000000101000
101001  000100101000
111101  000000000011
001010  000001000110
111110  000000000001
000010  000100000000
101010  000100110010
000001  010000110010
000110  010000000001
000010  010000110010
101001  000100110010
001101  000000111100
101010  000100101001
000001  000000001000
000110  000000001010
111110  000000000001
000001  110000001000
000110  110000001010
111101  000000000000
111110  000000000001
000010  000100000000
010110  001100000000
001100  110001010111
101010  000100110010
000001  010000110010
000110  010000000001
000010  010000110010
101001  000100110010
001101  000001001100
101010  000100101010
000101  010000101001
000010  010000101011
000001  110000001000
000001  000000001000
000110  000001100100
000010  000000110010
101001  001100110010
101001  000100101000
101001  001000101001
000001  010000101001
000110  110000000000
000001  000000110010
010110  000100000000
001100  111101001110
000001  000100000000
000001  011000000000
000010  000000110010
000111  000000100000
001010  001100011100
000111  000000001100
001010  001100011100
000111  000000000010
001010  001100011100
000001  000000110010
010110  000100000000
001100  111100001111
001101  001100110111
101010  000100110010
000001  000000001000
000110  000000000001
000100  000000110010
000010  000000110010
101001  000100110010
101010  001000110010
000001  000000001000
000110  000000000001
000100  000000110010
000010  000000110010
101001  001000110010
001101  000001100110
000001  000000110010
000111  000000001010
001011  001100100001
000110  100000000001
001101  001100100010
000110  110000000001
101010  001000110010
000001  000000110010
000001  010000101010
010110  000100000000
001100  111100101000
001101  001100110111
000010  100000110010
000110  100000110001
111110  001000000001
000001  100000001000
000110  100000101110
111110  001000000001
000001  100000110010
000010  110000110010
000110  110000110000
111110  001100000001
000001  110000001000
000110  110000001010
111110  001100000001
000001  110000110010
001101  001100110111
101001  001000101001
101010  000100110010
000001  010000001000
000110  010000000001
000100  010000110010
000010  010000110010
101001  000100110010
000001  000100000000
000010  000000110010
000010  010000110011
101010  000100110100
000001  000000110100
000001  010000101001
000111  010000000001
010110  000100000000
001100  111101010111
000001  000000110010
000001  010000110011
000111  000000001010
001011  001101001110
000001  110000001000
000110  100000000001
001101  000001100000
000111  000000010110
001010  001101010101
000111  000000001100
001010  001101010101
000111  000000000010
001010  001101010101
001101  000001100000
000110  110000000001
001101  001100111000