0000000000000000
0011011100000111
0000000000000000
0011011100000111
0000000000000000
0011011100000111
0000000000000000
0011011100000110
0000100100000000
0001010100000000
0000100100000000
0000010110000000
0001100010001010
0000100110000001
0000010111000000
0001100011010100
0000100111000010
0000110100000011
0001100000000100
0000100100000011
0000100100000100
0000100100000101
1111010010000000
0010100001011111
0000101101000100
0000111100000100
0001100000000001
0000100100000100
0100000011011000
0000111100000101
0001100000010100
0000100100000101
0000010100000101
0000100100000100
0000010111000010
0100000010011000
0000010111000010
1111010010000000
0010100001101110
0000101101000100
0000111100000100
0001100000000001
0000100100000100
0100000011100111
0000110000001010
0001100000101000
0000100100000110
0011010000001000