000010000001111110
000001000001111110
000110000001111111
000110110000000100
000010000001111111
101001000101111111
000001000001111110
000010000100000000
000001000001111110
111101000100000000
000010010100000001
111110000100000001
000111010000001101
001010010000010111
000111010000100011
000001100001111110
000110100000001010
000001000100000000
010100001000000000
000010000100000000
000100010100000000
000010010100000000
001101000000001000
101010000101111101
000001000001111110
000110000000000001
000100000001111101
000010000001111101
101001000101111101
000001000001111110
000010000100000000
000110000000001010
111110000000000001
010000110000001000
000001000001111110
000110000001111111
000010000001111101
101001001001111101
101010000101111101
000001000001111101
000111000000000001
000010000001111101
101001001101111101
000001110001111110
000110110000000011
000001001000000000
000101001100000000
000010000100000000
000001100001111110
000110100000000001
101010000101111101
000100100001111101
000010100001111101
101001000101111101
000001100001111110
000110100000000001
101010001001111101
000100100001111101
000010100001111101
101001001001111101
010000110000101101
000001100001111110
000110100000000001
101010001001111101
000100100001111101
000010100001111101
101001001001111101
101010001001111101
000001100001111101
000001010001111110
000100011000000000
000001110001111110
000110110000000010
101010001001111101
000001000001111101
000110000000000001
000010000001111101
101001001001111101
000010010001111101
000001000001111101
000101001000000000
001100000001010101
000001011000000000
101010001001111101
000001100001111101
010000110001001001
000111100000000100
000010100001111101
101001000101111101
000001010001111110
000110010000001010
111110000100000001
000001010001111110
000110010001100100
000001100001111110
000110100001100100
010100100100000000
000001000100000000
010101001000000000
001011000001100101
001010110001101000
000110000000110000
111110000000000001
000110110000000001
000001000001111110
000110000000001010
000010110001111101
010101100000000000
000001110001111101
000010010001111101
000001000001111101
001011100001100010
